      1 10006
      1 100944
      1 101011
      1 10183
      1 102039
      1 102890
      1 103348
      1 103412
      1 10364
      1 10392
      1 103957
      1 103967
      1 103984
      1 10481
      1 104981
      1 105
      1 105146
      1 1053
      1 105567
      1 105576
      1 106001
      1 106128
      1 10677
      1 10706
      1 107133
      1 107225
      1 107391
      1 108623
      1 108861
      1 109041
      1 109287
      1 109372
      1 109818
      1 109976
      1 110263
      1 110992
      1 11115
      1 111227
      1 11128
      1 111576
      1 111707
      1 11178
      1 111808
      1 112054
      1 112147
      1 112246
      1 112255
      1 112427
      1 11253
      1 112792
      1 112813
      1 113159
      1 11335
      1 113858
      1 113965
      1 113981
      1 114051
      1 114487
      1 114551
      1 114645
      1 114676
      1 11497
      1 115019
      1 115051
      1 115081
      1 115308
      1 115485
      1 115500
      1 11566
      1 115850
      1 11601
      1 11743
      1 117531
      1 117905
      1 118099
      1 118181
      1 118454
      1 118494
      1 118626
      1 118736
      1 11948
      1 119686
      1 119799
      1 119819
      1 120075
      1 120361
      1 121060
      1 12107
      1 121408
      1 121565
      1 12174
      1 121816
      1 12215
      1 12253
      1 12257
      1 12281
      1 123191
      1 123355
      1 123400
      1 123436
      1 123883
      1 12407
      1 124374
      1 124476
      1 124629
      1 124849
      1 124872
      1 125182
      1 12533
      1 125343
      1 125496
      1 125557
      1 125598
      1 125835
      1 126035
      1 12620
      1 126347
      1 126348
      1 126739
      1 126766
      1 12682
      1 12686
      1 126899
      1 127336
      1 12737
      1 127436
      1 127458
      1 127541
      1 127581
      1 127595
      1 127896
      1 127968
      1 128007
      1 128054
      1 128129
      1 128184
      1 128299
      1 128647
      1 128655
      1 129077
      1 129122
      1 129556
      1 129686
      1 130248
      1 13042
      1 130428
      1 130470
      1 131212
      1 131263
      1 131435
      1 131542
      1 13180
      1 131969
      1 13207
      1 132626
      1 13265
      1 132800
      1 132820
      1 132847
      1 132909
      1 133162
      1 133168
      1 133280
      1 13356
      1 13375
      1 133861
      1 133921
      1 13404
      1 1342
      1 134238
      1 1343
      1 134454
      1 13459
      1 134788
      1 1348
      1 134826
      1 134877
      1 134890
      1 134910
      1 134928
      1 134996
      1 135
      1 135490
      1 135545
      1 135548
      1 1356
      1 1359
      1 135902
      1 1362
      1 136400
      1 1365
      1 136630
      1 13671
      1 136728
      1 137464
      1 137468
      1 13784
      1 138118
      1 13831
      1 138462
      1 138518
      1 138533
      1 13864
      1 138653
      1 138719
      1 138798
      1 13893
      1 139162
      1 139334
      1 139534
      1 139716
      1 139871
      1 1400
      1 140245
      1 140398
      1 1405
      1 14076
      1 14084
      1 141112
      1 14116
      1 141207
      1 141307
      1 141336
      1 14134
      1 141475
      1 141483
      1 141526
      1 14164
      1 142223
      1 142255
      1 14229
      1 142617
      1 142899
      1 142990
      1 143072
      1 143460
      1 143485
      1 143623
      1 14364
      1 143815
      1 144005
      1 144017
      1 14405
      1 144186
      1 144470
      1 144808
      1 144862
      1 144867
      1 144871
      1 145027
      1 145067
      1 145147
      1 145321
      1 145351
      1 145357
      1 145574
      1 145795
      1 145905
      1 145921
      1 146049
      1 146171
      1 14629
      1 146309
      1 146343
      1 146379
      1 146566
      1 146864
      1 147038
      1 14736
      1 147386
      1 147444
      1 147736
      1 148211
      1 148273
      1 14893
      1 148942
      1 14963
      1 15029
      1 15046
      1 15050
      1 15067
      1 15071
      1 15082
      1 15095
      1 15113
      1 151437
      1 15176
      1 15208
      1 15211
      1 15218
      1 15236
      1 15296
      1 15334
      1 15379
      1 154290
      1 15522
      1 15537
      1 155383
      1 155445
      1 155546
      1 155679
      1 156046
      1 156360
      1 156692
      1 156739
      1 15675
      1 15732
      1 157445
      1 157562
      1 157594
      1 157626
      1 157659
      1 15839
      1 158761
      1 158963
      1 16087
      1 16095
      1 161441
      1 161540
      1 16213
      1 162570
      1 164913
      1 165067
      1 165715
      1 165846
      1 16597
      1 16631
      1 166732
      1 16690
      1 167371
      1 16761
      1 167661
      1 167855
      1 167973
      1 16815
      1 168320
      1 16899
      1 16980
      1 17019
      1 17240
      1 173
      1 17443
      1 17451
      1 17462
      1 17519
      1 17567
      1 176430
      1 17693
      1 178218
      1 18005
      1 180905
      1 1818
      1 18245
      1 18252
      1 18607
      1 18684
      1 18793
      1 18866
      1 18950
      1 19143
      1 19231
      1 19273
      1 19449
      1 19549
      1 20064
      1 20136
      1 20696
      1 2080
      1 2116
      1 21193
      1 21248
      1 21262
      1 21269
      1 21283
      1 2131
      1 21318
      1 2132
      1 21337
      1 21339
      1 21346
      1 21360
      1 21374
      1 21381
      1 21388
      1 2140
      1 21402
      1 21409
      1 21493
      1 21507
      1 21591
      1 21695
      1 21709
      1 21773
      1 21787
      1 21794
      1 21805
      1 21850
      1 21853
      1 21857
      1 21864
      1 21892
      1 21913
      1 21927
      1 21934
      1 22011
      1 22067
      1 22077
      1 22202
      1 224601
      1 22568
      1 22572
      1 22618
      1 22794
      1 22876
      1 2292
      1 22924
      1 22995
      1 23084
      1 23085
      1 23606
      1 23692
      1 23744
      1 23756
      1 2377
      1 24012
      1 24244
      1 24334
      1 24368
      1 24461
      1 24951
      1 24975
      1 25093
      1 251143
      1 25147
      1 25334
      1 25600
      1 265136
      1 265336
      1 265343
      1 26796
      1 26803
      1 27079
      1 27374
      1 27392
      1 27585
      1 2759
      1 2863
      1 28731
      1 2888
      1 2902
      1 2909
      1 29324
      1 2937
      1 30607
      1 307534
      1 307878
      1 30974
      1 31063
      1 31104
      1 3122
      1 31355
      1 31582
      1 317679
      1 31793
      1 32158
      1 32642
      1 32857
      1 33150
      1 3328
      1 334328
      1 33498
      1 33510
      1 33636
      1 339124
      1 3403
      1 34044
      1 34211
      1 343619
      1 344132
      1 34575
      1 34617
      1 347959
      1 34856
      1 35191
      1 352933
      1 355033
      1 357
      1 35879
      1 36025
      1 36109
      1 36496
      1 37002
      1 37441
      1 3786
      1 38204
      1 38481
      1 38486
      1 38966
      1 39969
      1 40175
      1 40306
      1 40422
      1 40495
      1 40743
      1 41175
      1 41617
      1 4191
      1 42
      1 42289
      1 42867
      1 43335
      1 43371
      1 43410
      1 43668
      1 43705
      1 43821
      1 43869
      1 43949
      1 44063
      1 44068
      1 44196
      1 44258
      1 44346
      1 44433
      1 44524
      1 44644
      1 45446
      1 4607
      1 46089
      1 46210
      1 46261
      1 46397
      1 4644
      1 46656
      1 46754
      1 46838
      1 46940
      1 47084
      1 47841
      1 47909
      1 48008
      1 4822
      1 48403
      1 48510
      1 48750
      1 48762
      1 48790
      1 48921
      1 49033
      1 49052
      1 49053
      1 49127
      1 4984
      1 49919
      1 5
      1 50075
      1 50113
      1 50333
      1 50413
      1 50701
      1 50939
      1 51113
      1 51897
      1 52036
      1 52090
      1 5227
      1 52653
      1 52726
      1 52914
      1 5416
      1 54163
      1 54188
      1 54308
      1 5483
      1 5505
      1 55160
      1 55423
      1 55482
      1 5559
      1 5589
      1 5621
      1 56406
      1 5647
      1 56522
      1 5662
      1 5694
      1 5752
      1 5777
      1 57828
      1 58282
      1 5832
      1 58521
      1 58560
      1 5866
      1 5877
      1 5878
      1 5894
      1 58984
      1 58995
      1 5903
      1 5905
      1 5917
      1 5936
      1 5950
      1 59630
      1 5990
      1 6002
      1 60570
      1 6062
      1 60804
      1 6125
      1 61816
      1 6191
      1 6215
      1 62214
      1 62259
      1 6240
      1 6261
      1 62653
      1 62749
      1 6278
      1 6283
      1 6288
      1 6290
      1 62990
      1 63004
      1 6314
      1 6323
      1 6328
      1 63328
      1 63335
      1 6335
      1 6345
      1 6354
      1 63547
      1 63569
      1 6370
      1 6386
      1 6411
      1 64320
      1 64404
      1 6467
      1 6477
      1 6478
      1 64794
      1 6496
      1 65066
      1 6510
      1 6511
      1 6517
      1 6518
      1 6521
      1 6526
      1 6556
      1 6557
      1 6558
      1 65589
      1 6568
      1 6580
      1 6587
      1 6590
      1 6591
      1 6603
      1 6606
      1 6608
      1 6620
      1 6625
      1 6634
      1 6647
      1 6658
      1 66727
      1 66741
      1 66780
      1 6682
      1 66830
      1 6684
      1 66890
      1 6691
      1 6697
      1 67167
      1 6718
      1 6719
      1 67229
      1 6729
      1 6745
      1 6751
      1 6753
      1 6756
      1 6757
      1 67588
      1 6759
      1 6760
      1 6761
      1 67663
      1 6770
      1 6785
      1 6786
      1 6798
      1 6801
      1 68016
      1 6819
      1 6829
      1 6830
      1 6839
      1 6844
      1 6845
      1 6846
      1 6848
      1 6852
      1 6866
      1 6868
      1 6872
      1 6874
      1 68774
      1 6884
      1 6886
      1 6888
      1 6889
      1 6894
      1 6898
      1 6902
      1 6904
      1 6909
      1 6912
      1 6918
      1 6920
      1 69299
      1 6931
      1 69330
      1 6939
      1 69401
      1 6941
      1 6944
      1 6951
      1 6952
      1 6957
      1 6959
      1 6966
      1 6967
      1 6969
      1 6971
      1 6978
      1 6982
      1 6984
      1 6988
      1 69901
      1 6997
      1 7000
      1 7004
      1 7005
      1 7008
      1 7017
      1 70180
      1 7020
      1 7023
      1 7027
      1 7038
      1 7043
      1 7044
      1 7048
      1 7050
      1 7063
      1 7067
      1 7070
      1 7071
      1 7072
      1 7088
      1 7090
      1 7094
      1 7095
      1 7097
      1 7102
      1 7104
      1 7108
      1 7109
      1 7118
      1 71251
      1 7127
      1 71280
      1 7129
      1 7130
      1 7139
      1 7142
      1 7148
      1 7156
      1 7158
      1 7160
      1 7181
      1 7184
      1 71867
      1 7188
      1 7193
      1 7194
      1 7196
      1 71970
      1 7198
      1 7200
      1 7201
      1 7206
      1 7208
      1 7213
      1 7214
      1 7218
      1 7228
      1 7230
      1 7232
      1 7236
      1 7243
      1 7245
      1 7250
      1 7260
      1 7264
      1 7265
      1 7266
      1 7269
      1 7276
      1 7280
      1 7283
      1 72833
      1 7287
      1 7288
      1 7289
      1 7301
      1 7305
      1 7309
      1 7318
      1 7320
      1 7322
      1 7323
      1 7327
      1 7330
      1 7332
      1 7333
      1 7335
      1 73409
      1 7341
      1 7342
      1 7353
      1 73609
      1 7361
      1 7362
      1 7366
      1 73665
      1 7367
      1 7375
      1 7377
      1 7380
      1 7384
      1 7385
      1 7386
      1 73900
      1 7398
      1 7399
      1 7400
      1 7401
      1 7406
      1 7408
      1 74088
      1 7411
      1 7419
      1 7420
      1 7423
      1 7425
      1 7434
      1 7435
      1 7437
      1 7443
      1 7444
      1 7445
      1 7450
      1 7453
      1 7454
      1 7455
      1 7456
      1 7465
      1 74671
      1 7471
      1 7476
      1 7481
      1 7482
      1 7485
      1 7486
      1 7489
      1 7496
      1 7498
      1 7503
      1 7508
      1 7512
      1 7516
      1 7519
      1 7520
      1 7525
      1 7531
      1 7532
      1 75345
      1 7536
      1 7537
      1 7540
      1 75452
      1 7548
      1 7550
      1 7556
      1 7558
      1 7560
      1 7563
      1 75657
      1 7568
      1 7569
      1 7572
      1 7574
      1 7576
      1 7578
      1 75834
      1 7585
      1 7587
      1 75872
      1 7590
      1 7591
      1 7594
      1 75946
      1 7595
      1 7601
      1 7604
      1 7606
      1 7607
      1 7612
      1 7614
      1 76142
      1 7615
      1 76150
      1 7619
      1 7620
      1 7621
      1 7622
      1 7629
      1 7630
      1 7634
      1 7635
      1 7637
      1 7643
      1 7644
      1 7645
      1 7656
      1 7659
      1 7660
      1 7661
      1 7665
      1 7666
      1 76662
      1 7667
      1 7668
      1 7669
      1 7670
      1 7671
      1 7677
      1 7678
      1 7680
      1 76860
      1 7687
      1 7696
      1 76967
      1 7703
      1 77068
      1 7712
      1 7713
      1 7719
      1 7722
      1 7726
      1 7727
      1 7731
      1 7740
      1 7745
      1 7751
      1 7753
      1 7758
      1 7759
      1 7762
      1 7764
      1 7766
      1 7767
      1 7770
      1 7773
      1 7774
      1 7778
      1 7779
      1 7781
      1 7785
      1 7786
      1 7789
      1 77915
      1 7795
      1 7797
      1 7799
      1 7801
      1 7807
      1 7808
      1 7826
      1 7828
      1 7834
      1 7844
      1 7848
      1 7850
      1 7852
      1 7858
      1 7860
      1 7862
      1 7863
      1 7865
      1 7867
      1 7877
      1 7879
      1 7882
      1 7883
      1 7891
      1 7892
      1 7893
      1 7895
      1 7896
      1 7903
      1 7904
      1 7907
      1 7912
      1 79122
      1 7914
      1 7916
      1 7924
      1 7926
      1 7928
      1 7936
      1 7937
      1 7939
      1 7940
      1 79400
      1 7941
      1 7945
      1 7947
      1 79496
      1 7955
      1 7964
      1 7965
      1 7967
      1 7976
      1 7989
      1 7993
      1 79988
      1 8002
      1 8017
      1 80202
      1 8027
      1 8029
      1 8030
      1 8031
      1 8034
      1 8035
      1 8040
      1 80408
      1 8042
      1 8050
      1 8053
      1 8059
      1 8062
      1 8075
      1 8080
      1 8083
      1 80857
      1 8101
      1 8102
      1 8110
      1 8111
      1 8117
      1 8119
      1 8121
      1 8143
      1 8149
      1 8157
      1 8158
      1 81611
      1 8165
      1 8168
      1 8172
      1 8173
      1 81970
      1 8211
      1 82151
      1 82159
      1 8222
      1 8232
      1 8234
      1 82341
      1 82442
      1 8245
      1 8254
      1 8268
      1 8277
      1 8281
      1 8285
      1 8300
      1 83000
      1 83036
      1 8306
      1 8319
      1 8335
      1 8349
      1 8354
      1 8356
      1 83704
      1 8389
      1 8399
      1 8404
      1 84091
      1 85374
      1 85393
      1 85456
      1 85711
      1 85948
      1 8607
      1 86333
      1 8641
      1 86669
      1 87350
      1 87435
      1 87558
      1 87597
      1 876
      1 87742
      1 87770
      1 88315
      1 88533
      1 88674
      1 89018
      1 89130
      1 89240
      1 8953
      1 90200
      1 90587
      1 90722
      1 9104
      1 91144
      1 91180
      1 91281
      1 91543
      1 9177
      1 9191
      1 91921
      1 91930
      1 9202
      1 9211
      1 9212
      1 9214
      1 92206
      1 9249
      1 9273
      1 9277
      1 92785
      1 92883
      1 9295
      1 93084
      1 9314
      1 93664
      1 94153
      1 9425
      1 95365
      1 95394
      1 9592
      1 9616
      1 96224
      1 9625
      1 96301
      1 96359
      1 9656
      1 96679
      1 96693
      1 9673
      1 96845
      1 97086
      1 9718
      1 97270
      1 97342
      1 975
      1 97868
      1 9826
      1 98312
      1 9856
      1 98807
      1 98860
      1 99005
      1 99132
      1 99687
      1 99711
      1 99814
      2 114785
      2 115330
      2 118368
      2 12201
      2 123428
      2 123528
      2 123674
      2 12751
      2 127890
      2 129263
      2 129359
      2 13201
      2 1354
      2 1358
      2 1360
      2 1399
      2 14162
      2 145287
      2 146173
      2 146580
      2 147418
      2 147746
      2 14948
      2 15064
      2 15099
      2 15145
      2 15681
      2 16770
      2 1703
      2 17454
      2 179
      2 2011
      2 2072
      2 2076
      2 2092
      2 2104
      2 2108
      2 2112
      2 2138
      2 21556
      2 22841
      2 2470
      2 269503
      2 2849
      2 321061
      2 476
      2 5898
      2 60843
      2 6532
      2 6555
      2 6619
      2 6631
      2 6698
      2 6735
      2 6804
      2 6806
      2 6858
      2 6972
      2 6990
      2 7024
      2 7026
      2 7076
      2 7078
      2 7096
      2 7107
      2 7113
      2 7152
      2 7168
      2 7223
      2 7254
      2 7257
      2 7262
      2 73
      2 7302
      2 7313
      2 7317
      2 7324
      2 7344
      2 7350
      2 7351
      2 7356
      2 7357
      2 7365
      2 7369
      2 7387
      2 7397
      2 7405
      2 7429
      2 7510
      2 7529
      2 7539
      2 7552
      2 7610
      2 7624
      2 7628
      2 7638
      2 7646
      2 7654
      2 7673
      2 7679
      2 7699
      2 7715
      2 7718
      2 7757
      2 7768
      2 7787
      2 7792
      2 7819
      2 7824
      2 7829
      2 7831
      2 7832
      2 7853
      2 7866
      2 7889
      2 7890
      2 7918
      2 7962
      2 7985
      2 7990
      2 8045
      2 8084
      2 8130
      2 8178
      2 86449
      3 12335
      3 128826
      3 12970
      3 1357
      3 139708
      3 15866
      3 20108
      3 2136
      3 21598
      3 2255
      3 2336
      3 263
      3 488
      3 6794
      3 6917
      3 7019
      3 7205
      3 7207
      3 7240
      3 7339
      3 7567
      3 7650
      3 7716
      3 7734
      3 7743
      3 7746
      3 7809
      3 7874
      3 7923
      3 96
      4 1355
      4 138239
      4 2084
      4 61
      4 7626
      4 7735
      5 13670
      5 2088
      5 21448
      5 6344
      5 7653
      6 11036
      6 1691
      6 2100
      6 6741
      8 7390
      9 20109
     11 2096
     11 39289
     12 1769
     12 2028
     12 26837
     12 3272
     12 57
     13 102
     13 1326
     13 3997
     13 5886
     13 7128
     14 7838
     14 80601
     16 14428
     16 2128
     17 1739
     18 19374
     20 147712
     85 5410
     93 639
    115 14125
    172 0
    431 -
